08036966
08101931
08105124
08207868
09040992
09127257
09135785
09147819
09210884
09218290
11011820
11060514
12012452
12015521
12017531
12017532
12020810
12021181
12022889
12023864
12027047
12028015
12028787
12029218
12030822
12031960
12032526
12032642
12035065
12035790
12037053
12037228
12037399
12037914
12041238
12043504
12044040
12048719
12049893
12052741
12057047
12057662
12062246
12062292
12063436
12066038
12066039
12066597
12066823
12066889
12067107
12067350
13013518
13030069
13030618
13042390
14033686
14042387
14099238
14100483
14106062
14107232
14111196
14111205
14111289
14111528
14111816
14111865
14111950
14112096
14112120
14112141
14112450
14112452
14112459
14112492
14112524
14112554
14112658
14112667
14112676
14112776
14112825
14113196
14113451
14113515
14113530
14113580
14113762
14113923
14113962
14113986
14114129
14114421
14114794
14115342
14115461
14115508
14116524
14117320
14117629
14118856
14118963
14119580
14119630
14119686
14120091
14121421
14122077
14122109
14122519
14123556
14124144
14124452
14124553
14125088
14125178
14125221
14125238
14125347
14125412
14125467
14125555
14125660
14125661
14125674
14125749
14125778
14125954
14125963
14126220
14126316
14126629
14127205
14127402
14127440
14127449
14127742
14127772
14127885
14127894
14127903
14127919
14127933
14127941
14128019
14128025
14128049
14128241
14128681
14128802
14129460
14129742
14130298
14130699
14131561
14132669
16016277
16033931
16056044
16061053
16061294
16068365
16086098
17036811
17038191
17050808
17077847
17080238
17091203
17093756
17095200
17099507
17107775
17121046
17129041
17137952
17139105
17142044
17145268
17152801
17157507
17157887
17162005
17165806
17168296
17171491
17173704
17182524
17183071
17183777
17183944
17185764
17194126
17197922
17198159
17200598
17207229
17207232
17208000
17211490
17215051
17216066
17219975
17220920
17223602
17223613
17225029
17232946
17244015
17246980
17247372
17248196
17252170
17257495
17262971
17264404
17264412
17265566
17270073
17270393
17273109
17273354
17273692
17275624
17275728
17276450
17277458
17278316
17280781
17281011
17281316
17281789
18032758
18048468
18057634
18088972
20138963
20164462
20166594
24218959
30283567
37141267
37152850
50068105
50423878
50480219
50548271
50679732
50686798
50816616
50962868
51259087
51474417
51513900
51865440
51939916
52040690
52307670
52362531
52366308
52438694
52491994
52505197
52584305
52723658
52890880
52917487
52953335
52994503
53140281
53140575
53196309
53264770
53356535
53386051
53480376
53485610
53490495
53558502
53582586
53633253
53638069
53810538
53962737
54000785
54056861
54093252
54141184
54143934
54158672
54290201
54332265
54355389
54470501
54482690
54545323
54547458
54684889
54743265
55075800
55160999
55291376
55325262
55393381
55427405
55438873
55438989
55701965
55931391
56036957
56053312
56078900
56112238
56157622
56160887
56349939
56400845
56479174
56495021
56521979
56566808
57031614
57095795
57559848
57562326
57578176
57594333
57665346
57957312
57972559
58027459
58161651
58250131
58272968
58273786
58287965
58316051
58581634
58802258
58868844
59392002
59506873
59564563
59928735
59988355
60039604
60110554
60309350
60328517
60350911
60506490
60667389
60788046
61260053
61473553
61573906
61594458
61711268
61740942
61758906
61759902
61774251
62010395
62093797
62289888
62485474
63139685
63367866
64596893
64642429
64818128
65043626
65224035
65245571
65806883
65815807
66002990
66359066
66369797
66745713
66745918
66808006
66944910
67116906
67315917
67319750
67328539
67436293
67464203
67929281
67990746
68127154
68399545
68575971
68752822
69058407
69064199
69096503
69123810
69135282
69418160
69648166
69686637
69714568
69853274
69893802
69899045
69943044
69943079
70334021
70468427
70527601
70563756
70573417
70612765
70960062
71293426
71295844
71306935
71308083
71308156
71398287
71751351
71898166
71915710
72049650
72051779
72284668
72467460
72672900
72741155
72902272
73038342
73177946
73338885
73489581
73538116
73621528
73637556
73853100
74430750
74482718
74484184
74556630
75166682
75209942
75226189
75280582
75681668
75992019
76357430
76393410
76414124
76558452
76648540
76686329
76789144
76816877
76960277
77094425
77150554
77313380
77603257
77655842
77698525
77722221
77750861
77840186
77878566
77975383
78436524
78452538
78456517
78653347
80728111
81006241
81267193
81374690
81525958
81546025
82407215
82597278
82784175
83666303
85448923
86171402
88107329
88155560
88469697
88704041
88754839
88871932
89001206
89174941
89267281
89905016
90436962
